>TGCATG	1-TGCATG	3.432508	-109.761364	0	T:320.0(49.46%),B:43.9(9.66%),P:1e-47	Tpos:42.1,Tstd:39.6,Bpos:48.0,Bstd:58.9,StrandBias:10.0,Multiplicity:1.35
0.001	0.103	0.001	0.895
0.001	0.001	0.997	0.001
0.072	0.871	0.056	0.001
0.913	0.001	0.001	0.085
0.001	0.001	0.001	0.997
0.001	0.001	0.997	0.001
>GCCTGC	2-GCCTGC	6.849734	-55.134009	0	T:145.0(22.41%),B:11.2(2.46%),P:1e-23	Tpos:58.3,Tstd:60.9,Bpos:85.0,Bstd:43.8,StrandBias:10.0,Multiplicity:1.20
0.001	0.001	0.997	0.001
0.001	0.821	0.001	0.177
0.284	0.714	0.001	0.001
0.001	0.001	0.001	0.997
0.001	0.001	0.997	0.001
0.001	0.997	0.001	0.001
>GTGTGT	3-GTGTGT	2.256157	-13.595211	0	T:215.0(33.23%),B:92.8(20.42%),P:1e-5	Tpos:49.3,Tstd:43.5,Bpos:61.0,Bstd:76.0,StrandBias:10.0,Multiplicity:1.51
0.001	0.001	0.997	0.001
0.082	0.001	0.001	0.916
0.314	0.001	0.591	0.094
0.059	0.001	0.001	0.939
0.001	0.001	0.997	0.001
0.001	0.001	0.029	0.969
>GGCGGG	4-GGCGGG	4.357890	-13.447379	0	T:60.0(9.27%),B:11.4(2.51%),P:1e-5	Tpos:51.6,Tstd:49.8,Bpos:39.8,Bstd:20.1,StrandBias:10.0,Multiplicity:1.13
0.001	0.001	0.997	0.001
0.001	0.001	0.797	0.201
0.001	0.997	0.001	0.001
0.001	0.001	0.997	0.001
0.096	0.001	0.902	0.001
0.001	0.001	0.997	0.001
>TTCTGC	5-TTCTGC	8.037474	-10.692760	0	T:48.0(7.42%),B:9.3(2.04%),P:1e-4	Tpos:56.3,Tstd:41.5,Bpos:51.9,Bstd:35.1,StrandBias:10.0,Multiplicity:1.05
0.001	0.001	0.231	0.767
0.001	0.001	0.001	0.997
0.001	0.997	0.001	0.001
0.001	0.001	0.001	0.997
0.001	0.001	0.997	0.001
0.001	0.997	0.001	0.001
>GAGGGG	6-GAGGGG	5.235568	-10.487367	0	T:199.0(30.76%),B:90.3(19.88%),P:1e-4	Tpos:47.2,Tstd:49.4,Bpos:53.8,Bstd:71.9,StrandBias:10.0,Multiplicity:1.61
0.041	0.001	0.957	0.001
0.725	0.081	0.079	0.115
0.070	0.001	0.822	0.107
0.082	0.033	0.884	0.001
0.046	0.001	0.952	0.001
0.195	0.070	0.734	0.001
