>TGCATG	1-TGCATG	5.084468	-390.299454	0	T:1519.0(38.13%),B:207.0(8.42%),P:1e-169	Tpos:39.0,Tstd:43.1,Bpos:42.7,Bstd:78.4,StrandBias:10.0,Multiplicity:1.27
0.122	0.043	0.100	0.735
0.001	0.001	0.997	0.001
0.001	0.997	0.001	0.001
0.997	0.001	0.001	0.001
0.001	0.070	0.001	0.928
0.001	0.001	0.997	0.001
>GGGGGG	2-GGGGGG	4.004693	-174.658349	0	T:2514.0(63.10%),B:971.9(39.54%),P:1e-75	Tpos:41.3,Tstd:45.3,Bpos:39.9,Bstd:75.5,StrandBias:10.0,Multiplicity:1.79
0.067	0.023	0.701	0.209
0.014	0.044	0.719	0.223
0.063	0.089	0.679	0.169
0.079	0.051	0.660	0.210
0.093	0.083	0.580	0.244
0.154	0.243	0.602	0.001
>WASGGA	3-WASGGA	3.395825	-111.746327	0	T:1812.0(45.48%),B:671.5(27.32%),P:1e-48	Tpos:46.6,Tstd:41.1,Bpos:44.9,Bstd:72.6,StrandBias:10.0,Multiplicity:1.38
0.486	0.040	0.001	0.473
0.841	0.001	0.001	0.157
0.001	0.507	0.491	0.001
0.001	0.001	0.997	0.001
0.001	0.001	0.997	0.001
0.675	0.123	0.201	0.001
>CCCGAA	4-CCCGAA	4.365960	-20.579578	0	T:177.0(4.44%),B:43.7(1.78%),P:1e-8	Tpos:55.9,Tstd:41.9,Bpos:43.8,Bstd:42.5,StrandBias:10.0,Multiplicity:1.05
0.106	0.840	0.001	0.053
0.073	0.597	0.223	0.107
0.001	0.997	0.001	0.001
0.001	0.001	0.997	0.001
0.679	0.001	0.001	0.319
0.900	0.001	0.098	0.001
>AGGAGT	5-AGGAGT	5.741252	-20.535041	0	T:361.0(9.06%),B:125.6(5.11%),P:1e-8	Tpos:51.5,Tstd:41.0,Bpos:46.7,Bstd:69.5,StrandBias:10.0,Multiplicity:1.08
0.997	0.001	0.001	0.001
0.001	0.001	0.997	0.001
0.001	0.001	0.997	0.001
0.676	0.001	0.001	0.322
0.001	0.239	0.759	0.001
0.001	0.001	0.001	0.997
>CTCCGT	6-CTCCGT	1.505128	-19.580411	0	T:275.0(6.90%),B:87.4(3.56%),P:1e-8	Tpos:58.2,Tstd:48.9,Bpos:55.0,Bstd:53.9,StrandBias:10.0,Multiplicity:1.10
0.146	0.725	0.001	0.128
0.001	0.001	0.001	0.997
0.001	0.691	0.307	0.001
0.001	0.997	0.001	0.001
0.001	0.001	0.997	0.001
0.011	0.001	0.001	0.987
>TCGGTC	7-TCGGTC	6.086335	-13.949838	0	T:47.0(1.18%),B:4.7(0.19%),P:1e-6	Tpos:60.9,Tstd:43.3,Bpos:40.1,Bstd:20.3,StrandBias:10.0,Multiplicity:1.07
0.001	0.001	0.001	0.997
0.001	0.997	0.001	0.001
0.001	0.001	0.997	0.001
0.001	0.001	0.997	0.001
0.109	0.001	0.001	0.889
0.001	0.997	0.001	0.001
>CTGCCA	8-CTGCCA	6.177716	-13.205768	0	T:144.0(3.61%),B:42.0(1.71%),P:1e-5	Tpos:56.4,Tstd:49.0,Bpos:39.1,Bstd:44.8,StrandBias:10.0,Multiplicity:1.08
0.100	0.700	0.100	0.100
0.100	0.100	0.100	0.700
0.100	0.100	0.700	0.100
0.100	0.700	0.100	0.100
0.100	0.700	0.100	0.100
0.700	0.100	0.100	0.100
>AGAYGA	9-AGAYGA	5.953438	-6.681899	0	T:112.0(2.81%),B:40.1(1.63%),P:1e-2	Tpos:50.8,Tstd:38.1,Bpos:56.5,Bstd:46.8,StrandBias:10.0,Multiplicity:1.04
0.756	0.242	0.001	0.001
0.001	0.001	0.853	0.145
0.950	0.001	0.001	0.048
0.001	0.544	0.001	0.454
0.001	0.291	0.707	0.001
0.599	0.001	0.399	0.001
