>TGCATG	1-TGCATG	5.629094	-1380.812286	0	T:3722.0(46.90%),B:307.1(6.17%),P:1e-599	Tpos:43.4,Tstd:58.0,Bpos:46.1,Bstd:52.1,StrandBias:10.0,Multiplicity:1.29
0.099	0.069	0.001	0.831
0.001	0.001	0.997	0.001
0.001	0.997	0.001	0.001
0.997	0.001	0.001	0.001
0.001	0.001	0.001	0.997
0.001	0.001	0.997	0.001
>TGCRYG	2-TGCRYG	5.620237	-1030.092516	0	T:3308.0(41.68%),B:358.3(7.20%),P:1e-447	Tpos:67.9,Tstd:79.0,Bpos:57.8,Bstd:81.2,StrandBias:10.0,Multiplicity:1.33
0.001	0.109	0.038	0.852
0.160	0.001	0.737	0.102
0.116	0.594	0.029	0.261
0.427	0.147	0.425	0.001
0.001	0.521	0.001	0.477
0.107	0.001	0.891	0.001
>GGGGGG	3-GGGGGG	5.639198	-119.478175	0	T:3338.0(42.06%),B:1437.6(28.88%),P:1e-51	Tpos:48.2,Tstd:58.7,Bpos:56.1,Bstd:122.9,StrandBias:10.0,Multiplicity:1.76
0.001	0.088	0.701	0.210
0.001	0.106	0.690	0.203
0.209	0.001	0.789	0.001
0.001	0.001	0.997	0.001
0.001	0.001	0.997	0.001
0.001	0.001	0.817	0.181
>ATGGGT	4-ATGGGT	1.884117	-109.571557	0	T:3549.0(44.72%),B:1588.4(31.91%),P:1e-47	Tpos:56.3,Tstd:59.5,Bpos:48.5,Bstd:91.5,StrandBias:10.0,Multiplicity:1.37
0.558	0.001	0.393	0.048
0.001	0.375	0.001	0.623
0.001	0.001	0.997	0.001
0.001	0.001	0.997	0.001
0.001	0.001	0.997	0.001
0.001	0.001	0.011	0.987
>GGGAAG	5-GGGAAG	4.007890	-79.990375	0	T:2170.0(27.34%),B:893.3(17.94%),P:1e-34	Tpos:51.9,Tstd:49.4,Bpos:64.3,Bstd:139.2,StrandBias:10.0,Multiplicity:1.22
0.001	0.001	0.997	0.001
0.001	0.001	0.997	0.001
0.003	0.001	0.995	0.001
0.873	0.001	0.125	0.001
0.997	0.001	0.001	0.001
0.109	0.001	0.889	0.001
>GGGACG	6-GGGACG	5.893259	-55.668503	0	T:565.0(7.12%),B:151.5(3.04%),P:1e-24	Tpos:57.9,Tstd:59.7,Bpos:43.4,Bstd:63.3,StrandBias:10.0,Multiplicity:1.09
0.001	0.001	0.997	0.001
0.001	0.001	0.835	0.163
0.001	0.001	0.849	0.149
0.872	0.001	0.001	0.126
0.001	0.997	0.001	0.001
0.001	0.001	0.997	0.001
>TTAGGG	7-TTAGGG	4.714402	-29.968144	0	T:1818.0(22.91%),B:873.7(17.55%),P:1e-13	Tpos:55.2,Tstd:53.6,Bpos:55.3,Bstd:102.3,StrandBias:10.0,Multiplicity:1.22
0.326	0.001	0.073	0.600
0.001	0.001	0.423	0.575
0.698	0.300	0.001	0.001
0.001	0.072	0.926	0.001
0.001	0.154	0.728	0.117
0.001	0.001	0.793	0.205
>TGCCTG	8-TGCCTG	7.105414	-28.054210	0	T:1171.0(14.76%),B:521.5(10.48%),P:1e-12	Tpos:69.4,Tstd:71.6,Bpos:60.1,Bstd:112.0,StrandBias:10.0,Multiplicity:1.26
0.001	0.001	0.001	0.997
0.001	0.302	0.696	0.001
0.001	0.997	0.001	0.001
0.001	0.997	0.001	0.001
0.001	0.001	0.001	0.997
0.001	0.001	0.997	0.001
>AGGGTT	9-AGGGTT	7.078567	-22.319048	0	T:528.0(6.65%),B:203.5(4.09%),P:1e-9	Tpos:54.9,Tstd:50.2,Bpos:50.0,Bstd:62.3,StrandBias:10.0,Multiplicity:1.08
0.997	0.001	0.001	0.001
0.001	0.001	0.997	0.001
0.001	0.001	0.997	0.001
0.001	0.001	0.997	0.001
0.001	0.001	0.001	0.997
0.001	0.294	0.001	0.704
>YTTGCT	10-YTTGCT	6.959898	-17.157835	0	T:574.0(7.23%),B:243.8(4.90%),P:1e-7	Tpos:59.1,Tstd:53.7,Bpos:46.9,Bstd:48.3,StrandBias:10.0,Multiplicity:1.13
0.001	0.551	0.001	0.447
0.001	0.001	0.050	0.948
0.001	0.166	0.041	0.792
0.001	0.227	0.771	0.001
0.001	0.997	0.001	0.001
0.001	0.001	0.001	0.997
