>CGCATG	1-CGCATG	6.139919	-71.566494	0	T:128.0(35.36%),B:3.3(1.24%),P:1e-31	Tpos:47.7,Tstd:54.4,Bpos:47.0,Bstd:15.0,StrandBias:10.0,Multiplicity:1.23
0.001	0.883	0.001	0.115
0.001	0.001	0.997	0.001
0.001	0.997	0.001	0.001
0.997	0.001	0.001	0.001
0.001	0.001	0.001	0.997
0.001	0.001	0.997	0.001
>GCGGGG	2-GCGGGG	5.620322	-31.783407	0	T:157.0(43.37%),B:41.9(15.67%),P:1e-13	Tpos:92.8,Tstd:106.9,Bpos:56.7,Bstd:79.6,StrandBias:10.0,Multiplicity:1.87
0.164	0.001	0.834	0.001
0.001	0.997	0.001	0.001
0.001	0.001	0.810	0.188
0.001	0.116	0.882	0.001
0.001	0.133	0.865	0.001
0.001	0.001	0.997	0.001
>TKGGGK	3-TKGGGK	4.700657	-17.226761	0	T:187.0(51.66%),B:80.1(29.93%),P:1e-7	Tpos:71.1,Tstd:88.5,Bpos:71.0,Bstd:91.0,StrandBias:10.0,Multiplicity:1.76
0.304	0.001	0.085	0.610
0.185	0.001	0.333	0.480
0.001	0.001	0.922	0.076
0.001	0.001	0.997	0.001
0.001	0.001	0.685	0.313
0.227	0.001	0.395	0.378
>CGTCYC	4-CGTCYC	4.815021	-16.426768	0	T:63.0(17.40%),B:11.3(4.22%),P:1e-7	Tpos:101.6,Tstd:106.8,Bpos:69.1,Bstd:21.2,StrandBias:10.0,Multiplicity:1.19
0.001	0.584	0.001	0.414
0.001	0.001	0.997	0.001
0.001	0.001	0.001	0.997
0.308	0.690	0.001	0.001
0.001	0.508	0.001	0.490
0.037	0.814	0.148	0.001
>CTCTCT	5-CTCTCT	4.242668	-14.848939	0	T:73.0(20.17%),B:17.4(6.52%),P:1e-6	Tpos:74.9,Tstd:60.0,Bpos:72.6,Bstd:50.6,StrandBias:10.0,Multiplicity:1.39
0.001	0.837	0.161	0.001
0.001	0.001	0.001	0.997
0.001	0.997	0.001	0.001
0.001	0.001	0.114	0.884
0.057	0.809	0.001	0.133
0.001	0.001	0.095	0.903
