>TGGGCG	1-TGGGCG	5.410458	-33.769497	0	T:112.0(29.55%),B:16.6(6.10%),P:1e-14	Tpos:50.0,Tstd:46.1,Bpos:54.7,Bstd:37.4,StrandBias:10.0,Multiplicity:1.26
0.001	0.001	0.001	0.997
0.001	0.093	0.905	0.001
0.001	0.001	0.997	0.001
0.001	0.001	0.997	0.001
0.316	0.682	0.001	0.001
0.001	0.001	0.869	0.129
>MGCATG	2-MGCATG	3.941092	-32.694199	0	T:110.0(29.02%),B:16.9(6.21%),P:1e-14	Tpos:36.4,Tstd:35.4,Bpos:78.1,Bstd:68.8,StrandBias:10.0,Multiplicity:1.19
0.343	0.424	0.021	0.211
0.034	0.068	0.897	0.001
0.001	0.931	0.067	0.001
0.997	0.001	0.001	0.001
0.001	0.001	0.001	0.997
0.001	0.001	0.997	0.001
>GGAGGG	3-GGAGGG	5.139315	-16.071727	0	T:273.0(72.03%),B:141.9(52.11%),P:1e-6	Tpos:49.1,Tstd:51.7,Bpos:49.0,Bstd:73.0,StrandBias:10.0,Multiplicity:2.44
0.001	0.001	0.997	0.001
0.110	0.001	0.888	0.001
0.544	0.133	0.177	0.146
0.001	0.001	0.997	0.001
0.001	0.001	0.997	0.001
0.087	0.085	0.827	0.001
>TGGCTG	4-TGGCTG	3.965135	-14.424822	0	T:60.0(15.83%),B:11.1(4.06%),P:1e-6	Tpos:53.1,Tstd:38.6,Bpos:61.2,Bstd:47.8,StrandBias:10.0,Multiplicity:1.06
0.001	0.001	0.001	0.997
0.001	0.152	0.846	0.001
0.001	0.001	0.901	0.097
0.001	0.997	0.001	0.001
0.001	0.001	0.001	0.997
0.036	0.001	0.881	0.082
>GGATSG	5-GGATSG	5.272794	-13.092219	0	T:104.0(27.44%),B:34.2(12.54%),P:1e-5	Tpos:48.8,Tstd:44.4,Bpos:57.1,Bstd:32.2,StrandBias:10.0,Multiplicity:1.38
0.001	0.001	0.737	0.261
0.001	0.001	0.997	0.001
0.841	0.001	0.001	0.157
0.001	0.296	0.160	0.543
0.261	0.314	0.424	0.001
0.001	0.001	0.997	0.001
