>GGGGCT	1-GGGGCT	5.314796	-28.430446	0	T:82.0(32.28%),B:5.9(4.14%),P:1e-12	Tpos:52.5,Tstd:38.9,Bpos:44.1,Bstd:33.7,StrandBias:10.0,Multiplicity:1.23
0.271	0.001	0.727	0.001
0.001	0.001	0.915	0.083
0.001	0.001	0.997	0.001
0.001	0.001	0.997	0.001
0.202	0.796	0.001	0.001
0.001	0.001	0.001	0.997
>WGCACG	2-WGCACG	0.885694	-25.031616	0	T:79.0(31.10%),B:6.4(4.49%),P:1e-10	Tpos:42.9,Tstd:48.2,Bpos:52.8,Bstd:21.0,StrandBias:10.0,Multiplicity:1.19
0.549	0.023	0.001	0.427
0.001	0.001	0.997	0.001
0.001	0.685	0.001	0.313
0.997	0.001	0.001	0.001
0.001	0.872	0.001	0.126
0.001	0.001	0.997	0.001
>RRGGTC	3-RRGGTC	5.803825	-18.449492	0	T:58.0(22.83%),B:4.5(3.21%),P:1e-8	Tpos:61.5,Tstd:57.2,Bpos:50.6,Bstd:22.5,StrandBias:10.0,Multiplicity:1.36
0.419	0.139	0.440	0.001
0.478	0.001	0.520	0.001
0.001	0.001	0.641	0.357
0.001	0.001	0.997	0.001
0.001	0.001	0.001	0.997
0.001	0.997	0.001	0.001
>ACGTGT	4-ACGTGT	4.192795	-14.558526	0	T:77.0(30.31%),B:13.3(9.41%),P:1e-6	Tpos:46.6,Tstd:32.9,Bpos:71.8,Bstd:43.7,StrandBias:10.0,Multiplicity:1.30
0.607	0.042	0.287	0.064
0.054	0.490	0.286	0.170
0.021	0.046	0.880	0.053
0.085	0.150	0.267	0.499
0.042	0.042	0.884	0.032
0.011	0.140	0.183	0.666
>GAGTGG	5-GAGTGG	4.139864	-14.375479	0	T:99.0(38.98%),B:22.4(15.82%),P:1e-6	Tpos:50.4,Tstd:41.5,Bpos:48.0,Bstd:75.4,StrandBias:10.0,Multiplicity:1.42
0.001	0.136	0.845	0.018
0.862	0.001	0.136	0.001
0.001	0.001	0.997	0.001
0.001	0.001	0.001	0.997
0.001	0.001	0.997	0.001
0.001	0.001	0.997	0.001
>TKGGSC	6-TKGGSC	5.747302	-7.013475	0	T:74.0(29.13%),B:21.7(15.29%),P:1e-3	Tpos:54.6,Tstd:52.8,Bpos:75.1,Bstd:29.5,StrandBias:10.0,Multiplicity:1.13
0.001	0.001	0.001	0.997
0.163	0.001	0.361	0.475
0.001	0.001	0.997	0.001
0.001	0.001	0.997	0.001
0.001	0.475	0.523	0.001
0.001	0.997	0.001	0.001
>TCCGKG	7-TCCGKG	5.904556	-3.429232	0	T:65.0(25.59%),B:24.6(17.39%),P:1e-1	Tpos:53.5,Tstd:34.5,Bpos:57.2,Bstd:24.4,StrandBias:10.0,Multiplicity:1.33
0.001	0.001	0.238	0.760
0.001	0.673	0.001	0.325
0.001	0.997	0.001	0.001
0.001	0.001	0.997	0.001
0.001	0.001	0.564	0.434
0.001	0.001	0.997	0.001
