>TGCATG	1-TGCATG	4.889944	-985.467096	0	T:3666.0(42.84%),B:490.7(9.29%),P:1e-427	Tpos:39.9,Tstd:45.7,Bpos:45.9,Bstd:75.1,StrandBias:10.0,Multiplicity:1.30
0.138	0.068	0.064	0.730
0.001	0.001	0.997	0.001
0.001	0.997	0.001	0.001
0.997	0.001	0.001	0.001
0.001	0.045	0.001	0.953
0.001	0.001	0.997	0.001
>GGGGGG	2-GGGGGG	5.204262	-274.507484	0	T:3797.0(44.37%),B:1319.1(24.98%),P:1e-119	Tpos:39.9,Tstd:44.0,Bpos:48.3,Bstd:103.1,StrandBias:10.0,Multiplicity:1.54
0.024	0.032	0.800	0.144
0.023	0.025	0.741	0.211
0.108	0.005	0.673	0.214
0.015	0.022	0.798	0.165
0.016	0.023	0.859	0.102
0.069	0.001	0.786	0.144
>GGDGGG	3-GGDGGG	4.075999	-220.886181	0	T:5875.0(68.65%),B:2686.2(50.87%),P:1e-95	Tpos:44.5,Tstd:43.0,Bpos:42.5,Bstd:76.0,StrandBias:10.0,Multiplicity:1.85
0.053	0.126	0.725	0.096
0.159	0.001	0.704	0.136
0.305	0.001	0.337	0.357
0.001	0.081	0.917	0.001
0.001	0.001	0.997	0.001
0.346	0.001	0.652	0.001
>RGGGTA	4-RGGGTA	4.633628	-129.005767	0	T:2815.0(32.89%),B:1087.6(20.60%),P:1e-56	Tpos:47.1,Tstd:46.0,Bpos:51.0,Bstd:81.7,StrandBias:10.0,Multiplicity:1.17
0.467	0.001	0.367	0.165
0.001	0.079	0.919	0.001
0.001	0.164	0.834	0.001
0.001	0.001	0.997	0.001
0.368	0.001	0.001	0.630
0.723	0.196	0.001	0.080
>TTGGGG	5-TTGGGG	6.337346	-58.455151	0	T:994.0(11.61%),B:334.3(6.33%),P:1e-25	Tpos:47.8,Tstd:48.4,Bpos:55.0,Bstd:79.4,StrandBias:10.0,Multiplicity:1.06
0.001	0.001	0.001	0.997
0.001	0.001	0.001	0.997
0.222	0.001	0.776	0.001
0.001	0.180	0.818	0.001
0.001	0.001	0.997	0.001
0.001	0.001	0.997	0.001
>CACCCT	6-CACCCT	4.788093	-44.308728	0	T:1270.0(14.84%),B:507.6(9.61%),P:1e-19	Tpos:60.1,Tstd:51.6,Bpos:54.4,Bstd:66.4,StrandBias:10.0,Multiplicity:1.27
0.001	0.997	0.001	0.001
0.741	0.001	0.001	0.257
0.001	0.997	0.001	0.001
0.139	0.702	0.069	0.090
0.001	0.932	0.001	0.066
0.001	0.001	0.139	0.859
>CCCCYC	7-CCCCYC	4.909333	-41.793123	0	T:944.0(11.03%),B:350.1(6.63%),P:1e-18	Tpos:61.9,Tstd:57.7,Bpos:50.6,Bstd:78.1,StrandBias:10.0,Multiplicity:1.24
0.162	0.746	0.033	0.059
0.038	0.697	0.064	0.201
0.142	0.657	0.034	0.167
0.014	0.799	0.078	0.109
0.054	0.501	0.001	0.444
0.242	0.671	0.001	0.086
>AGACGG	8-AGACGG	6.432168	-28.209392	0	T:163.0(1.90%),B:28.3(0.54%),P:1e-12	Tpos:50.5,Tstd:40.0,Bpos:59.7,Bstd:45.6,StrandBias:10.0,Multiplicity:1.03
0.997	0.001	0.001	0.001
0.001	0.001	0.785	0.213
0.997	0.001	0.001	0.001
0.001	0.997	0.001	0.001
0.001	0.001	0.997	0.001
0.277	0.001	0.721	0.001
>GTCTGG	9-GTCTGG	6.177716	-27.116913	0	T:513.0(5.99%),B:179.3(3.40%),P:1e-11	Tpos:55.8,Tstd:50.6,Bpos:49.2,Bstd:85.1,StrandBias:10.0,Multiplicity:1.07
0.100	0.100	0.700	0.100
0.100	0.100	0.100	0.700
0.100	0.700	0.100	0.100
0.100	0.100	0.100	0.700
0.100	0.100	0.700	0.100
0.100	0.100	0.700	0.100
>TAGGGA	10-TAGGGA	6.378594	-5.907605	0	T:172.0(2.01%),B:72.8(1.38%),P:1e-2	Tpos:47.9,Tstd:36.3,Bpos:62.8,Bstd:58.2,StrandBias:10.0,Multiplicity:1.03
0.001	0.001	0.001	0.997
0.997	0.001	0.001	0.001
0.001	0.001	0.997	0.001
0.001	0.146	0.852	0.001
0.001	0.001	0.997	0.001
0.997	0.001	0.001	0.001
>GATASG	11-GATASG	5.740658	-4.913287	0	T:134.0(1.57%),B:56.4(1.07%),P:1e-2	Tpos:57.9,Tstd:51.1,Bpos:62.3,Bstd:32.3,StrandBias:10.0,Multiplicity:1.01
0.003	0.001	0.995	0.001
0.819	0.001	0.179	0.001
0.001	0.001	0.001	0.997
0.997	0.001	0.001	0.001
0.001	0.505	0.493	0.001
0.001	0.001	0.850	0.148
>AGTAGG	12-AGTAGG	6.832910	-1.309554	0	T:107.0(1.25%),B:59.8(1.13%),P:1e0	Tpos:54.2,Tstd:43.8,Bpos:46.3,Bstd:9.9,StrandBias:10.0,Multiplicity:1.00
0.644	0.226	0.001	0.129
0.001	0.125	0.854	0.020
0.001	0.001	0.001	0.997
0.797	0.001	0.194	0.008
0.001	0.137	0.668	0.194
0.199	0.024	0.776	0.001
