>TGCATG	1-TGCATG	6.039378	-435.624331	0	T:1275.0(40.80%),B:111.5(5.76%),P:1e-189	Tpos:44.4,Tstd:56.7,Bpos:46.1,Bstd:51.9,StrandBias:10.0,Multiplicity:1.29
0.127	0.104	0.001	0.768
0.001	0.001	0.997	0.001
0.001	0.997	0.001	0.001
0.997	0.001	0.001	0.001
0.001	0.001	0.001	0.997
0.001	0.001	0.997	0.001
>TTGGGG	2-TTGGGG	5.016452	-74.694916	0	T:1495.0(47.84%),B:598.3(30.93%),P:1e-32	Tpos:48.8,Tstd:59.1,Bpos:54.7,Bstd:127.2,StrandBias:10.0,Multiplicity:1.60
0.128	0.001	0.207	0.664
0.001	0.001	0.257	0.741
0.032	0.001	0.913	0.054
0.001	0.001	0.997	0.001
0.044	0.058	0.897	0.001
0.001	0.150	0.848	0.001
>NDGGTC	3-NDGGTC	4.670770	-60.382473	0	T:954.0(30.53%),B:334.1(17.27%),P:1e-26	Tpos:60.1,Tstd:65.6,Bpos:60.7,Bstd:135.0,StrandBias:10.0,Multiplicity:1.24
0.300	0.221	0.276	0.204
0.251	0.056	0.389	0.304
0.001	0.359	0.639	0.001
0.224	0.149	0.626	0.001
0.001	0.001	0.001	0.997
0.001	0.997	0.001	0.001
>GGGACG	4-GGGACG	5.537314	-43.487677	0	T:276.0(8.83%),B:53.7(2.78%),P:1e-18	Tpos:55.3,Tstd:62.1,Bpos:36.5,Bstd:38.8,StrandBias:10.0,Multiplicity:1.12
0.001	0.001	0.997	0.001
0.001	0.001	0.907	0.091
0.001	0.001	0.866	0.132
0.794	0.001	0.001	0.204
0.001	0.997	0.001	0.001
0.001	0.001	0.997	0.001
>GGCGGT	5-GGCGGT	4.793305	-33.428255	0	T:176.0(5.63%),B:28.4(1.47%),P:1e-14	Tpos:68.6,Tstd:84.2,Bpos:40.3,Bstd:73.4,StrandBias:10.0,Multiplicity:1.15
0.001	0.001	0.997	0.001
0.001	0.001	0.765	0.233
0.001	0.997	0.001	0.001
0.001	0.001	0.997	0.001
0.001	0.001	0.870	0.128
0.001	0.001	0.001	0.997
>GGAGGG	6-GGAGGG	5.569666	-29.943150	0	T:1143.0(36.58%),B:515.6(26.65%),P:1e-13	Tpos:47.8,Tstd:47.1,Bpos:62.8,Bstd:144.9,StrandBias:10.0,Multiplicity:1.52
0.001	0.001	0.780	0.218
0.001	0.001	0.942	0.056
0.890	0.108	0.001	0.001
0.001	0.001	0.997	0.001
0.089	0.001	0.812	0.098
0.001	0.001	0.997	0.001
>TGGGCT	7-TGGGCT	6.137780	-27.389945	0	T:811.0(25.95%),B:339.7(17.56%),P:1e-11	Tpos:67.9,Tstd:80.0,Bpos:60.2,Bstd:115.9,StrandBias:10.0,Multiplicity:1.28
0.001	0.001	0.170	0.828
0.001	0.001	0.997	0.001
0.001	0.053	0.673	0.273
0.001	0.001	0.997	0.001
0.001	0.997	0.001	0.001
0.001	0.001	0.001	0.997
>ACGGGG	8-ACGGGG	6.121022	-25.884527	0	T:189.0(6.05%),B:41.2(2.13%),P:1e-11	Tpos:59.5,Tstd:56.7,Bpos:44.0,Bstd:67.5,StrandBias:10.0,Multiplicity:1.15
0.997	0.001	0.001	0.001
0.001	0.997	0.001	0.001
0.001	0.001	0.997	0.001
0.169	0.001	0.829	0.001
0.147	0.001	0.851	0.001
0.159	0.001	0.839	0.001
>GAGGGA	9-GAGGGA	4.277303	-24.536884	0	T:510.0(16.32%),B:190.4(9.84%),P:1e-10	Tpos:51.9,Tstd:45.3,Bpos:72.3,Bstd:148.9,StrandBias:10.0,Multiplicity:1.06
0.224	0.001	0.568	0.207
0.997	0.001	0.001	0.001
0.001	0.086	0.912	0.001
0.001	0.001	0.997	0.001
0.001	0.001	0.997	0.001
0.997	0.001	0.001	0.001
