>GCATGV	1-GCATGV	5.026038	-55.080656	0	T:193.0(36.35%),B:27.2(7.68%),P:1e-23	Tpos:53.5,Tstd:56.8,Bpos:61.4,Bstd:37.2,StrandBias:10.0,Multiplicity:1.26
0.001	0.001	0.997	0.001
0.001	0.989	0.001	0.009
0.900	0.062	0.010	0.028
0.001	0.021	0.119	0.859
0.001	0.001	0.992	0.006
0.355	0.252	0.216	0.177
>GTGGGT	2-GTGGGT	4.900320	-35.013465	0	T:172.0(32.39%),B:35.8(10.10%),P:1e-15	Tpos:52.2,Tstd:55.5,Bpos:89.7,Bstd:91.8,StrandBias:10.0,Multiplicity:1.40
0.001	0.001	0.997	0.001
0.001	0.001	0.001	0.997
0.001	0.001	0.933	0.065
0.001	0.001	0.997	0.001
0.074	0.001	0.924	0.001
0.161	0.287	0.001	0.551
>GGGGGR	3-GGGGGR	6.613955	-33.681616	0	T:245.0(46.14%),B:73.7(20.79%),P:1e-14	Tpos:50.0,Tstd:59.1,Bpos:97.5,Bstd:144.8,StrandBias:10.0,Multiplicity:1.47
0.001	0.076	0.922	0.001
0.001	0.001	0.997	0.001
0.006	0.001	0.589	0.404
0.001	0.001	0.997	0.001
0.001	0.001	0.997	0.001
0.505	0.001	0.493	0.001
>GGGACG	4-GGGACG	7.868268	-23.221733	0	T:44.0(8.29%),B:0.5(0.14%),P:1e-10	Tpos:73.6,Tstd:61.8,Bpos:80.3,Bstd:20.8,StrandBias:10.0,Multiplicity:1.18
0.001	0.001	0.997	0.001
0.001	0.001	0.997	0.001
0.001	0.001	0.898	0.100
0.997	0.001	0.001	0.001
0.001	0.997	0.001	0.001
0.001	0.279	0.719	0.001
>GCACGG	5-GCACGG	5.016263	-19.992995	0	T:66.0(12.43%),B:7.1(2.00%),P:1e-8	Tpos:60.4,Tstd:49.9,Bpos:114.4,Bstd:79.3,StrandBias:10.0,Multiplicity:1.02
0.001	0.001	0.887	0.111
0.001	0.943	0.001	0.055
0.997	0.001	0.001	0.001
0.001	0.997	0.001	0.001
0.001	0.168	0.830	0.001
0.083	0.001	0.915	0.001
>GCCCGC	6-GCCCGC	6.536704	-19.253859	0	T:87.0(16.38%),B:15.5(4.37%),P:1e-8	Tpos:99.0,Tstd:112.7,Bpos:75.7,Bstd:73.9,StrandBias:10.0,Multiplicity:1.20
0.222	0.001	0.776	0.001
0.001	0.997	0.001	0.001
0.001	0.997	0.001	0.001
0.001	0.997	0.001	0.001
0.001	0.001	0.768	0.230
0.001	0.997	0.001	0.001
>TCTCCT	7-TCTCCT	6.114286	-17.299401	0	T:77.0(14.50%),B:13.4(3.79%),P:1e-7	Tpos:67.0,Tstd:47.5,Bpos:48.6,Bstd:33.3,StrandBias:10.0,Multiplicity:1.11
0.001	0.001	0.213	0.785
0.001	0.997	0.001	0.001
0.001	0.001	0.043	0.955
0.001	0.813	0.168	0.018
0.019	0.882	0.022	0.077
0.001	0.001	0.001	0.997
>GTAGGA	8-GTAGGA	4.013353	-15.606598	0	T:129.0(24.29%),B:38.3(10.81%),P:1e-6	Tpos:48.7,Tstd:38.1,Bpos:95.4,Bstd:112.4,StrandBias:10.0,Multiplicity:1.23
0.067	0.264	0.563	0.106
0.130	0.136	0.146	0.588
0.734	0.079	0.096	0.091
0.058	0.039	0.804	0.099
0.085	0.118	0.746	0.051
0.586	0.161	0.178	0.075
