>TGCATG	1-TGCATG	5.600712	-743.473730	0	T:1884.0(53.10%),B:138.0(6.42%),P:1e-322	Tpos:44.6,Tstd:62.0,Bpos:43.4,Bstd:38.1,StrandBias:10.0,Multiplicity:1.34
0.082	0.001	0.001	0.916
0.001	0.001	0.997	0.001
0.001	0.997	0.001	0.001
0.997	0.001	0.001	0.001
0.001	0.073	0.001	0.925
0.001	0.001	0.997	0.001
>GGGGGG	2-GGGGGG	5.370207	-83.491222	0	T:1057.0(29.79%),B:328.7(15.30%),P:1e-36	Tpos:45.0,Tstd:50.6,Bpos:51.2,Bstd:104.2,StrandBias:10.0,Multiplicity:1.55
0.001	0.093	0.820	0.086
0.001	0.074	0.801	0.124
0.105	0.001	0.893	0.001
0.001	0.001	0.997	0.001
0.135	0.001	0.794	0.070
0.045	0.001	0.841	0.113
>GTGCTG	3-GTGCTG	5.915696	-57.450810	0	T:412.0(11.61%),B:85.5(3.98%),P:1e-24	Tpos:76.0,Tstd:86.2,Bpos:42.6,Bstd:45.2,StrandBias:10.0,Multiplicity:1.49
0.001	0.001	0.997	0.001
0.001	0.001	0.001	0.997
0.001	0.001	0.997	0.001
0.001	0.997	0.001	0.001
0.001	0.001	0.265	0.733
0.125	0.001	0.873	0.001
>GYGCGT	4-GYGCGT	5.421933	-45.769587	0	T:230.0(6.48%),B:33.3(1.55%),P:1e-19	Tpos:64.4,Tstd:74.2,Bpos:66.2,Bstd:60.7,StrandBias:10.0,Multiplicity:1.42
0.001	0.001	0.987	0.011
0.001	0.434	0.134	0.431
0.001	0.001	0.949	0.049
0.001	0.515	0.143	0.341
0.177	0.054	0.768	0.001
0.024	0.272	0.185	0.519
>CGCATG	5-CGCATG	5.407504	-30.583839	0	T:153.0(4.31%),B:22.6(1.05%),P:1e-13	Tpos:47.4,Tstd:70.9,Bpos:54.1,Bstd:62.0,StrandBias:10.0,Multiplicity:1.12
0.001	0.997	0.001	0.001
0.001	0.001	0.997	0.001
0.065	0.933	0.001	0.001
0.997	0.001	0.001	0.001
0.001	0.001	0.001	0.997
0.001	0.150	0.848	0.001
>CCMCAC	6-CCMCAC	7.497546	-26.497877	0	T:203.0(5.72%),B:44.7(2.08%),P:1e-11	Tpos:74.7,Tstd:73.1,Bpos:50.1,Bstd:37.8,StrandBias:10.0,Multiplicity:1.39
0.001	0.997	0.001	0.001
0.001	0.997	0.001	0.001
0.447	0.551	0.001	0.001
0.001	0.997	0.001	0.001
0.997	0.001	0.001	0.001
0.001	0.997	0.001	0.001
>GGGACG	7-GGGACG	5.838317	-25.475547	0	T:113.0(3.18%),B:14.2(0.66%),P:1e-11	Tpos:56.8,Tstd:54.7,Bpos:28.2,Bstd:26.0,StrandBias:10.0,Multiplicity:1.07
0.001	0.129	0.775	0.095
0.017	0.001	0.910	0.072
0.001	0.001	0.997	0.001
0.997	0.001	0.001	0.001
0.001	0.978	0.001	0.020
0.001	0.001	0.997	0.001
>AGGGMT	8-AGGGMT	4.368375	-24.031130	0	T:787.0(22.18%),B:326.8(15.21%),P:1e-10	Tpos:48.8,Tstd:46.4,Bpos:51.2,Bstd:92.3,StrandBias:10.0,Multiplicity:1.28
0.679	0.214	0.077	0.030
0.122	0.206	0.666	0.006
0.092	0.063	0.844	0.001
0.014	0.028	0.847	0.111
0.387	0.451	0.161	0.001
0.154	0.106	0.147	0.593
>CCCGTG	9-CCCGTG	6.904376	-16.603930	0	T:119.0(3.35%),B:25.2(1.17%),P:1e-7	Tpos:53.6,Tstd:46.6,Bpos:46.1,Bstd:43.2,StrandBias:10.0,Multiplicity:1.11
0.001	0.997	0.001	0.001
0.001	0.751	0.001	0.247
0.001	0.997	0.001	0.001
0.001	0.001	0.997	0.001
0.001	0.001	0.001	0.997
0.001	0.001	0.997	0.001
>GGGAGA	10-GGGAGA	5.202935	-16.297178	0	T:613.0(17.28%),B:261.2(12.16%),P:1e-7	Tpos:56.3,Tstd:50.4,Bpos:54.9,Bstd:78.6,StrandBias:10.0,Multiplicity:1.17
0.001	0.001	0.997	0.001
0.139	0.077	0.783	0.001
0.126	0.001	0.872	0.001
0.872	0.126	0.001	0.001
0.098	0.001	0.826	0.075
0.997	0.001	0.001	0.001
>GGGTCC	11-GGGTCC	6.177716	-14.345818	0	T:124.0(3.49%),B:30.7(1.43%),P:1e-6	Tpos:52.3,Tstd:38.0,Bpos:46.7,Bstd:28.1,StrandBias:10.0,Multiplicity:1.10
0.100	0.100	0.700	0.100
0.100	0.100	0.700	0.100
0.100	0.100	0.700	0.100
0.100	0.100	0.100	0.700
0.100	0.700	0.100	0.100
0.100	0.700	0.100	0.100
>TTTCCT	12-TTTCCT	1.982356	-14.170485	0	T:518.0(14.60%),B:219.3(10.21%),P:1e-6	Tpos:54.0,Tstd:48.0,Bpos:51.7,Bstd:46.7,StrandBias:10.0,Multiplicity:1.16
0.001	0.001	0.001	0.997
0.226	0.001	0.001	0.772
0.001	0.140	0.001	0.858
0.001	0.997	0.001	0.001
0.001	0.852	0.146	0.001
0.001	0.001	0.113	0.885
>CCTGCT	13-CCTGCT	7.321913	-13.910229	0	T:333.0(9.39%),B:126.8(5.90%),P:1e-6	Tpos:72.2,Tstd:86.4,Bpos:69.5,Bstd:153.9,StrandBias:10.0,Multiplicity:1.21
0.001	0.997	0.001	0.001
0.001	0.997	0.001	0.001
0.001	0.001	0.001	0.997
0.001	0.001	0.997	0.001
0.001	0.623	0.375	0.001
0.001	0.001	0.001	0.997
>CYTHYC	14-CYTHYC	3.492267	-8.214861	0	T:1017.0(28.66%),B:525.5(24.46%),P:1e-3	Tpos:57.8,Tstd:48.7,Bpos:65.3,Bstd:126.3,StrandBias:10.0,Multiplicity:1.74
0.001	0.761	0.046	0.192
0.041	0.415	0.167	0.377
0.138	0.304	0.050	0.508
0.275	0.317	0.161	0.246
0.076	0.351	0.182	0.391
0.014	0.751	0.001	0.234
